540
# The above line gives a number >= max number of PMTs in this file
# The rest of this file contains PMT coordinates
# face is 0 for top, 1 for side, 2 for bottom
# meaning of fields as indicated on next line:
#face  ring  index_no    x       y        z     size
# top
    0     0     0      200      346     2623  8
    0     0     1     -400        0     2623  8
    0     0     2      200     -346     2623  8
#    0     1     3      724      194     2623  8
#    0     1     4      530      530     2623  8
#    0     1     5      194      724     2623  8
#    0     1     6     -194      724     2623  8
#    0     1     7     -530      530     2623  8
#    0     1     8     -724      194     2623  8
#    0     1     9     -724     -194     2623  8
#    0     1    10     -530     -530     2623  8
#    0     1    11     -194     -724     2623  8
#    0     1    12      194     -724     2623  8
#    0     1    13      530     -530     2623  8
#    0     1    14      724     -194     2623  8
    0     2    15     1231      217     2623  8
    0     2    16     1083      625     2623  8
    0     2    17      803      958     2623  8
    0     2    18      428     1175     2623  8
    0     2    19        0     1250     2623  8
    0     2    20     -428     1175     2623  8
    0     2    21     -803      958     2623  8
    0     2    22    -1083      625     2623  8
    0     2    23    -1231      217     2623  8
    0     2    24    -1231     -217     2623  8
    0     2    25    -1083     -625     2623  8
    0     2    26     -803     -958     2623  8
    0     2    27     -428    -1175     2623  8
    0     2    28        0    -1250     2623  8
    0     2    29      428    -1175     2623  8
    0     2    30      803     -958     2623  8
    0     2    31     1083     -625     2623  8
    0     2    32     1231     -217     2623  8
#    0     3    33     1735      228     2623  8
#    0     3    34     1617      670     2623  8
#    0     3    35     1388     1065     2623  8
#    0     3    36     1065     1388     2623  8
#    0     3    37      670     1617     2623  8
#    0     3    38      228     1735     2623  8
#    0     3    39     -228     1735     2623  8
#    0     3    40     -670     1617     2623  8
#    0     3    41    -1065     1388     2623  8
#    0     3    42    -1388     1065     2623  8
#    0     3    43    -1617      670     2623  8
#    0     3    44    -1735      228     2623  8
#    0     3    45    -1735     -228     2623  8
#    0     3    46    -1617     -670     2623  8
#    0     3    47    -1388    -1065     2623  8
#    0     3    48    -1065    -1388     2623  8
#    0     3    49     -670    -1617     2623  8
#    0     3    50     -228    -1735     2623  8
#    0     3    51      228    -1735     2623  8
#    0     3    52      670    -1617     2623  8
#    0     3    53     1065    -1388     2623  8
#    0     3    54     1388    -1065     2623  8
#    0     3    55     1617     -670     2623  8
#    0     3    56     1735     -228     2623  8
    0     4    57     2238      235     2623  8
    0     4    58     2140      695     2623  8
    0     4    59     1949     1125     2623  8
    0     4    60     1672     1506     2623  8
    0     4    61     1323     1820     2623  8
    0     4    62      915     2055     2623  8
    0     4    63      468     2201     2623  8
    0     4    64        0     2250     2623  8
    0     4    65     -468     2201     2623  8
    0     4    66     -915     2055     2623  8
    0     4    67    -1323     1820     2623  8
    0     4    68    -1672     1506     2623  8
    0     4    69    -1949     1125     2623  8
    0     4    70    -2140      695     2623  8
    0     4    71    -2238      235     2623  8
    0     4    72    -2238     -235     2623  8
    0     4    73    -2140     -695     2623  8
    0     4    74    -1949    -1125     2623  8
    0     4    75    -1672    -1506     2623  8
    0     4    76    -1323    -1820     2623  8
    0     4    77     -915    -2055     2623  8
    0     4    78     -468    -2201     2623  8
    0     4    79        0    -2250     2623  8
    0     4    80      468    -2201     2623  8
    0     4    81      915    -2055     2623  8
    0     4    82     1323    -1820     2623  8
    0     4    83     1672    -1506     2623  8
    0     4    84     1949    -1125     2623  8
    0     4    85     2140     -695     2623  8
    0     4    86     2238     -235     2623  8
# side
#    1     5    87     2569      135     2475  8
#    1     5    88     2485      666     2475  8
#    1     5    89     2292     1168     2475  8
#    1     5    90     1999     1619     2475  8
#    1     5    91     1619     1999     2475  8
#    1     5    92     1168     2292     2475  8
#    1     5    93      666     2485     2475  8
#    1     5    94      135     2569     2475  8
#    1     5    95     -402     2541     2475  8
#    1     5    96     -922     2402     2475  8
#    1     5    97    -1401     2158     2475  8
#    1     5    98    -1819     1819     2475  8
#    1     5    99    -2158     1401     2475  8
#    1     5   100    -2402      922     2475  8
#    1     5   101    -2541      402     2475  8
#    1     5   102    -2569     -135     2475  8
#    1     5   103    -2485     -666     2475  8
#    1     5   104    -2292    -1168     2475  8
#    1     5   105    -1999    -1619     2475  8
#    1     5   106    -1619    -1999     2475  8
#    1     5   107    -1168    -2292     2475  8
#    1     5   108     -666    -2485     2475  8
#    1     5   109     -135    -2569     2475  8
#    1     5   110      402    -2541     2475  8
#    1     5   111      922    -2402     2475  8
#    1     5   112     1401    -2158     2475  8
#    1     5   113     1819    -1819     2475  8
#    1     5   114     2158    -1401     2475  8
#    1     5   115     2402     -922     2475  8
#    1     5   116     2541     -402     2475  8
#    1     6   117     2541      402     2025  8
#    1     6   118     2402      922     2025  8
#    1     6   119     2158     1401     2025  8
#    1     6   120     1819     1819     2025  8
#    1     6   121     1401     2158     2025  8
#    1     6   122      922     2402     2025  8
#    1     6   123      402     2541     2025  8
#    1     6   124     -135     2569     2025  8
#    1     6   125     -666     2485     2025  8
#    1     6   126    -1168     2292     2025  8
#    1     6   127    -1619     1999     2025  8
#    1     6   128    -1999     1619     2025  8
#    1     6   129    -2292     1168     2025  8
#    1     6   130    -2485      666     2025  8
#    1     6   131    -2569      135     2025  8
#    1     6   132    -2541     -402     2025  8
#    1     6   133    -2402     -922     2025  8
#    1     6   134    -2158    -1401     2025  8
#    1     6   135    -1819    -1819     2025  8
#    1     6   136    -1401    -2158     2025  8
#    1     6   137     -922    -2402     2025  8
#    1     6   138     -402    -2541     2025  8
#    1     6   139      135    -2569     2025  8
#    1     6   140      666    -2485     2025  8
#    1     6   141     1168    -2292     2025  8
#    1     6   142     1619    -1999     2025  8
#    1     6   143     1999    -1619     2025  8
#    1     6   144     2292    -1168     2025  8
#    1     6   145     2485     -666     2025  8
#    1     6   146     2569     -135     2025  8
#    1     7   147     2569      135     1575  8
#    1     7   148     2485      666     1575  8
#    1     7   149     2292     1168     1575  8
#    1     7   150     1999     1619     1575  8
#    1     7   151     1619     1999     1575  8
#    1     7   152     1168     2292     1575  8
#    1     7   153      666     2485     1575  8
#    1     7   154      135     2569     1575  8
#    1     7   155     -402     2541     1575  8
#    1     7   156     -922     2402     1575  8
#    1     7   157    -1401     2158     1575  8
#    1     7   158    -1819     1819     1575  8
#    1     7   159    -2158     1401     1575  8
#    1     7   160    -2402      922     1575  8
#    1     7   161    -2541      402     1575  8
#    1     7   162    -2569     -135     1575  8
#    1     7   163    -2485     -666     1575  8
#    1     7   164    -2292    -1168     1575  8
#    1     7   165    -1999    -1619     1575  8
#    1     7   166    -1619    -1999     1575  8
#    1     7   167    -1168    -2292     1575  8
#    1     7   168     -666    -2485     1575  8
#    1     7   169     -135    -2569     1575  8
#    1     7   170      402    -2541     1575  8
#    1     7   171      922    -2402     1575  8
#    1     7   172     1401    -2158     1575  8
#    1     7   173     1819    -1819     1575  8
#    1     7   174     2158    -1401     1575  8
#    1     7   175     2402     -922     1575  8
#    1     7   176     2541     -402     1575  8
#    1     8   177     2541      402     1125  8
#    1     8   178     2402      922     1125  8
#    1     8   179     2158     1401     1125  8
#    1     8   180     1819     1819     1125  8
#    1     8   181     1401     2158     1125  8
#    1     8   182      922     2402     1125  8
#    1     8   183      402     2541     1125  8
#    1     8   184     -135     2569     1125  8
#    1     8   185     -666     2485     1125  8
#    1     8   186    -1168     2292     1125  8
#    1     8   187    -1619     1999     1125  8
#    1     8   188    -1999     1619     1125  8
#    1     8   189    -2292     1168     1125  8
#    1     8   190    -2485      666     1125  8
#    1     8   191    -2569      135     1125  8
#    1     8   192    -2541     -402     1125  8
#    1     8   193    -2402     -922     1125  8
#    1     8   194    -2158    -1401     1125  8
#    1     8   195    -1819    -1819     1125  8
#    1     8   196    -1401    -2158     1125  8
#    1     8   197     -922    -2402     1125  8
#    1     8   198     -402    -2541     1125  8
#    1     8   199      135    -2569     1125  8
#    1     8   200      666    -2485     1125  8
#    1     8   201     1168    -2292     1125  8
#    1     8   202     1619    -1999     1125  8
#    1     8   203     1999    -1619     1125  8
#    1     8   204     2292    -1168     1125  8
#    1     8   205     2485     -666     1125  8
#    1     8   206     2569     -135     1125  8
#    1     9   207     2569      135      675  8
#    1     9   208     2485      666      675  8
#    1     9   209     2292     1168      675  8
#    1     9   210     1999     1619      675  8
#    1     9   211     1619     1999      675  8
#    1     9   212     1168     2292      675  8
#    1     9   213      666     2485      675  8
#    1     9   214      135     2569      675  8
#    1     9   215     -402     2541      675  8
#    1     9   216     -922     2402      675  8
#    1     9   217    -1401     2158      675  8
#    1     9   218    -1819     1819      675  8
#    1     9   219    -2158     1401      675  8
#    1     9   220    -2402      922      675  8
#    1     9   221    -2541      402      675  8
#    1     9   222    -2569     -135      675  8
#    1     9   223    -2485     -666      675  8
#    1     9   224    -2292    -1168      675  8
#    1     9   225    -1999    -1619      675  8
#    1     9   226    -1619    -1999      675  8
#    1     9   227    -1168    -2292      675  8
#    1     9   228     -666    -2485      675  8
#    1     9   229     -135    -2569      675  8
#    1     9   230      402    -2541      675  8
#    1     9   231      922    -2402      675  8
#    1     9   232     1401    -2158      675  8
#    1     9   233     1819    -1819      675  8
#    1     9   234     2158    -1401      675  8
#    1     9   235     2402     -922      675  8
#    1     9   236     2541     -402      675  8
#    1    10   237     2541      402      225  8
#    1    10   238     2402      922      225  8
#    1    10   239     2158     1401      225  8
#    1    10   240     1819     1819      225  8
#    1    10   241     1401     2158      225  8
#    1    10   242      922     2402      225  8
#    1    10   243      402     2541      225  8
#    1    10   244     -135     2569      225  8
#    1    10   245     -666     2485      225  8
#    1    10   246    -1168     2292      225  8
#    1    10   247    -1619     1999      225  8
#    1    10   248    -1999     1619      225  8
#    1    10   249    -2292     1168      225  8
#    1    10   250    -2485      666      225  8
#    1    10   251    -2569      135      225  8
#    1    10   252    -2541     -402      225  8
#    1    10   253    -2402     -922      225  8
#    1    10   254    -2158    -1401      225  8
#    1    10   255    -1819    -1819      225  8
#    1    10   256    -1401    -2158      225  8
#    1    10   257     -922    -2402      225  8
#    1    10   258     -402    -2541      225  8
#    1    10   259      135    -2569      225  8
#    1    10   260      666    -2485      225  8
#    1    10   261     1168    -2292      225  8
#    1    10   262     1619    -1999      225  8
#    1    10   263     1999    -1619      225  8
#    1    10   264     2292    -1168      225  8
#    1    10   265     2485     -666      225  8
#    1    10   266     2569     -135      225  8
#    1    11   267     2569      135     -225  8
#    1    11   268     2485      666     -225  8
#    1    11   269     2292     1168     -225  8
#    1    11   270     1999     1619     -225  8
#    1    11   271     1619     1999     -225  8
#    1    11   272     1168     2292     -225  8
#    1    11   273      666     2485     -225  8
#    1    11   274      135     2569     -225  8
#    1    11   275     -402     2541     -225  8
#    1    11   276     -922     2402     -225  8
#    1    11   277    -1401     2158     -225  8
#    1    11   278    -1819     1819     -225  8
#    1    11   279    -2158     1401     -225  8
#    1    11   280    -2402      922     -225  8
#    1    11   281    -2541      402     -225  8
#    1    11   282    -2569     -135     -225  8
#    1    11   283    -2485     -666     -225  8
#    1    11   284    -2292    -1168     -225  8
#    1    11   285    -1999    -1619     -225  8
#    1    11   286    -1619    -1999     -225  8
#    1    11   287    -1168    -2292     -225  8
#    1    11   288     -666    -2485     -225  8
#    1    11   289     -135    -2569     -225  8
#    1    11   290      402    -2541     -225  8
#    1    11   291      922    -2402     -225  8
#    1    11   292     1401    -2158     -225  8
#    1    11   293     1819    -1819     -225  8
#    1    11   294     2158    -1401     -225  8
#    1    11   295     2402     -922     -225  8
#    1    11   296     2541     -402     -225  8
#    1    12   297     2541      402     -675  8
#    1    12   298     2402      922     -675  8
#    1    12   299     2158     1401     -675  8
#    1    12   300     1819     1819     -675  8
#    1    12   301     1401     2158     -675  8
#    1    12   302      922     2402     -675  8
#    1    12   303      402     2541     -675  8
#    1    12   304     -135     2569     -675  8
#    1    12   305     -666     2485     -675  8
#    1    12   306    -1168     2292     -675  8
#    1    12   307    -1619     1999     -675  8
#    1    12   308    -1999     1619     -675  8
#    1    12   309    -2292     1168     -675  8
#    1    12   310    -2485      666     -675  8
#    1    12   311    -2569      135     -675  8
#    1    12   312    -2541     -402     -675  8
#    1    12   313    -2402     -922     -675  8
#    1    12   314    -2158    -1401     -675  8
#    1    12   315    -1819    -1819     -675  8
#    1    12   316    -1401    -2158     -675  8
#    1    12   317     -922    -2402     -675  8
#    1    12   318     -402    -2541     -675  8
#    1    12   319      135    -2569     -675  8
#    1    12   320      666    -2485     -675  8
#    1    12   321     1168    -2292     -675  8
#    1    12   322     1619    -1999     -675  8
#    1    12   323     1999    -1619     -675  8
#    1    12   324     2292    -1168     -675  8
#    1    12   325     2485     -666     -675  8
#    1    12   326     2569     -135     -675  8
#    1    13   327     2569      135    -1125  8
#    1    13   328     2485      666    -1125  8
#    1    13   329     2292     1168    -1125  8
#    1    13   330     1999     1619    -1125  8
#    1    13   331     1619     1999    -1125  8
#    1    13   332     1168     2292    -1125  8
#    1    13   333      666     2485    -1125  8
#    1    13   334      135     2569    -1125  8
#    1    13   335     -402     2541    -1125  8
#    1    13   336     -922     2402    -1125  8
#    1    13   337    -1401     2158    -1125  8
#    1    13   338    -1819     1819    -1125  8
#    1    13   339    -2158     1401    -1125  8
#    1    13   340    -2402      922    -1125  8
#    1    13   341    -2541      402    -1125  8
#    1    13   342    -2569     -135    -1125  8
#    1    13   343    -2485     -666    -1125  8
#    1    13   344    -2292    -1168    -1125  8
#    1    13   345    -1999    -1619    -1125  8
#    1    13   346    -1619    -1999    -1125  8
#    1    13   347    -1168    -2292    -1125  8
#    1    13   348     -666    -2485    -1125  8
#    1    13   349     -135    -2569    -1125  8
#    1    13   350      402    -2541    -1125  8
#    1    13   351      922    -2402    -1125  8
#    1    13   352     1401    -2158    -1125  8
#    1    13   353     1819    -1819    -1125  8
#    1    13   354     2158    -1401    -1125  8
#    1    13   355     2402     -922    -1125  8
#    1    13   356     2541     -402    -1125  8
#    1    14   357     2541      402    -1575  8
#    1    14   358     2402      922    -1575  8
#    1    14   359     2158     1401    -1575  8
#    1    14   360     1819     1819    -1575  8
#    1    14   361     1401     2158    -1575  8
#    1    14   362      922     2402    -1575  8
#    1    14   363      402     2541    -1575  8
#    1    14   364     -135     2569    -1575  8
#    1    14   365     -666     2485    -1575  8
#    1    14   366    -1168     2292    -1575  8
#    1    14   367    -1619     1999    -1575  8
#    1    14   368    -1999     1619    -1575  8
#    1    14   369    -2292     1168    -1575  8
#    1    14   370    -2485      666    -1575  8
#    1    14   371    -2569      135    -1575  8
#    1    14   372    -2541     -402    -1575  8
#    1    14   373    -2402     -922    -1575  8
#    1    14   374    -2158    -1401    -1575  8
#    1    14   375    -1819    -1819    -1575  8
#    1    14   376    -1401    -2158    -1575  8
#    1    14   377     -922    -2402    -1575  8
#    1    14   378     -402    -2541    -1575  8
#    1    14   379      135    -2569    -1575  8
#    1    14   380      666    -2485    -1575  8
#    1    14   381     1168    -2292    -1575  8
#    1    14   382     1619    -1999    -1575  8
#    1    14   383     1999    -1619    -1575  8
#    1    14   384     2292    -1168    -1575  8
#    1    14   385     2485     -666    -1575  8
#    1    14   386     2569     -135    -1575  8
#    1    15   387     2569      135    -2025  8
#    1    15   388     2485      666    -2025  8
#    1    15   389     2292     1168    -2025  8
#    1    15   390     1999     1619    -2025  8
#    1    15   391     1619     1999    -2025  8
#    1    15   392     1168     2292    -2025  8
#    1    15   393      666     2485    -2025  8
#    1    15   394      135     2569    -2025  8
#    1    15   395     -402     2541    -2025  8
#    1    15   396     -922     2402    -2025  8
#    1    15   397    -1401     2158    -2025  8
#    1    15   398    -1819     1819    -2025  8
#    1    15   399    -2158     1401    -2025  8
#    1    15   400    -2402      922    -2025  8
#    1    15   401    -2541      402    -2025  8
#    1    15   402    -2569     -135    -2025  8
#    1    15   403    -2485     -666    -2025  8
#    1    15   404    -2292    -1168    -2025  8
#    1    15   405    -1999    -1619    -2025  8
#    1    15   406    -1619    -1999    -2025  8
#    1    15   407    -1168    -2292    -2025  8
#    1    15   408     -666    -2485    -2025  8
#    1    15   409     -135    -2569    -2025  8
#    1    15   410      402    -2541    -2025  8
#    1    15   411      922    -2402    -2025  8
#    1    15   412     1401    -2158    -2025  8
#    1    15   413     1819    -1819    -2025  8
#    1    15   414     2158    -1401    -2025  8
#    1    15   415     2402     -922    -2025  8
#    1    15   416     2541     -402    -2025  8
#    1    16   417     2541      402    -2475  8
#    1    16   418     2402      922    -2475  8
#    1    16   419     2158     1401    -2475  8
#    1    16   420     1819     1819    -2475  8
#    1    16   421     1401     2158    -2475  8
#    1    16   422      922     2402    -2475  8
#    1    16   423      402     2541    -2475  8
#    1    16   424     -135     2569    -2475  8
#    1    16   425     -666     2485    -2475  8
#    1    16   426    -1168     2292    -2475  8
#    1    16   427    -1619     1999    -2475  8
#    1    16   428    -1999     1619    -2475  8
#    1    16   429    -2292     1168    -2475  8
#    1    16   430    -2485      666    -2475  8
#    1    16   431    -2569      135    -2475  8
#    1    16   432    -2541     -402    -2475  8
#    1    16   433    -2402     -922    -2475  8
#    1    16   434    -2158    -1401    -2475  8
#    1    16   435    -1819    -1819    -2475  8
#    1    16   436    -1401    -2158    -2475  8
#    1    16   437     -922    -2402    -2475  8
#    1    16   438     -402    -2541    -2475  8
#    1    16   439      135    -2569    -2475  8
#    1    16   440      666    -2485    -2475  8
#    1    16   441     1168    -2292    -2475  8
#    1    16   442     1619    -1999    -2475  8
#    1    16   443     1999    -1619    -2475  8
#    1    16   444     2292    -1168    -2475  8
#    1    16   445     2485     -666    -2475  8
#    1    16   446     2569     -135    -2475  8
# bottom
    2    17   447     2238      235    -2623  8
    2    17   448     2140      695    -2623  8
    2    17   449     1949     1125    -2623  8
    2    17   450     1672     1506    -2623  8
    2    17   451     1323     1820    -2623  8
    2    17   452      915     2055    -2623  8
    2    17   453      468     2201    -2623  8
    2    17   454        0     2250    -2623  8
    2    17   455     -468     2201    -2623  8
    2    17   456     -915     2055    -2623  8
    2    17   457    -1323     1820    -2623  8
    2    17   458    -1672     1506    -2623  8
    2    17   459    -1949     1125    -2623  8
    2    17   460    -2140      695    -2623  8
    2    17   461    -2238      235    -2623  8
    2    17   462    -2238     -235    -2623  8
    2    17   463    -2140     -695    -2623  8
    2    17   464    -1949    -1125    -2623  8
    2    17   465    -1672    -1506    -2623  8
    2    17   466    -1323    -1820    -2623  8
    2    17   467     -915    -2055    -2623  8
    2    17   468     -468    -2201    -2623  8
    2    17   469        0    -2250    -2623  8
    2    17   470      468    -2201    -2623  8
    2    17   471      915    -2055    -2623  8
    2    17   472     1323    -1820    -2623  8
    2    17   473     1672    -1506    -2623  8
    2    17   474     1949    -1125    -2623  8
    2    17   475     2140     -695    -2623  8
    2    17   476     2238     -235    -2623  8
#    2    18   477     1735      228    -2623  8
#    2    18   478     1617      670    -2623  8
#    2    18   479     1388     1065    -2623  8
#    2    18   480     1065     1388    -2623  8
#    2    18   481      670     1617    -2623  8
#    2    18   482      228     1735    -2623  8
#    2    18   483     -228     1735    -2623  8
#    2    18   484     -670     1617    -2623  8
#    2    18   485    -1065     1388    -2623  8
#    2    18   486    -1388     1065    -2623  8
#    2    18   487    -1617      670    -2623  8
#    2    18   488    -1735      228    -2623  8
#    2    18   489    -1735     -228    -2623  8
#    2    18   490    -1617     -670    -2623  8
#    2    18   491    -1388    -1065    -2623  8
#    2    18   492    -1065    -1388    -2623  8
#    2    18   493     -670    -1617    -2623  8
#    2    18   494     -228    -1735    -2623  8
#    2    18   495      228    -1735    -2623  8
#    2    18   496      670    -1617    -2623  8
#    2    18   497     1065    -1388    -2623  8
#    2    18   498     1388    -1065    -2623  8
#    2    18   499     1617     -670    -2623  8
#    2    18   500     1735     -228    -2623  8
    2    19   501     1231      217    -2623  8
    2    19   502     1083      625    -2623  8
    2    19   503      803      958    -2623  8
    2    19   504      428     1175    -2623  8
    2    19   505        0     1250    -2623  8
    2    19   506     -428     1175    -2623  8
    2    19   507     -803      958    -2623  8
    2    19   508    -1083      625    -2623  8
    2    19   509    -1231      217    -2623  8
    2    19   510    -1231     -217    -2623  8
    2    19   511    -1083     -625    -2623  8
    2    19   512     -803     -958    -2623  8
    2    19   513     -428    -1175    -2623  8
    2    19   514        0    -1250    -2623  8
    2    19   515      428    -1175    -2623  8
    2    19   516      803     -958    -2623  8
    2    19   517     1083     -625    -2623  8
    2    19   518     1231     -217    -2623  8
#    2    20   519      724      194    -2623  8
#    2    20   520      530      530    -2623  8
#    2    20   521      194      724    -2623  8
#    2    20   522     -194      724    -2623  8
#    2    20   523     -530      530    -2623  8
#    2    20   524     -724      194    -2623  8
#    2    20   525     -724     -194    -2623  8
#    2    20   526     -530     -530    -2623  8
#    2    20   527     -194     -724    -2623  8
#    2    20   528      194     -724    -2623  8
#    2    20   529      530     -530    -2623  8
#    2    20   530      724     -194    -2623  8
    2    21   531      200      346    -2623  8
    2    21   532     -400        0    -2623  8
    2    21   533      200     -346    -2623  8
