480
# The above line gives a number >= max number of PMTs in this file
# The rest of this file contains PMT coordinates
# face is 0 for top, 1 for side, 2 for bottom
# meaning of fields as indicated on next line:
#face  ring  index_no    x       y        z     size
# top
   0       0       0    2238       0    9000      10
   0       0       1    1582    1582    9000      10
   0       0       2       0    2238    9000      10
   0       0       3   -1582    1582    9000      10
   0       0       4   -2238       0    9000      10
   0       0       5   -1582   -1582    9000      10
   0       0       6      -0   -2238    9000      10
   0       0       7    1582   -1582    9000      10
   0       0       8    4267       0    9000      10
   0       0       9    3942    1633    9000      10
   0       0      10    3017    3017    9000      10
   0       0      11    1633    3942    9000      10
   0       0      12       0    4267    9000      10
   0       0      13   -1633    3942    9000      10
   0       0      14   -3017    3017    9000      10
   0       0      15   -3942    1633    9000      10
   0       0      16   -4267       0    9000      10
   0       0      17   -3942   -1633    9000      10
   0       0      18   -3017   -3017    9000      10
   0       0      19   -1633   -3942    9000      10
   0       0      20      -0   -4267    9000      10
   0       0      21    1633   -3942    9000      10
   0       0      22    3017   -3017    9000      10
   0       0      23    3942   -1633    9000      10
   0       0      24    6295       0    9000      10
   0       0      25    6081    1629    9000      10
   0       0      26    5452    3148    9000      10
   0       0      27    4451    4451    9000      10
   0       0      28    3148    5452    9000      10
   0       0      29    1629    6081    9000      10
   0       0      30       0    6295    9000      10
   0       0      31   -1629    6081    9000      10
   0       0      32   -3148    5452    9000      10
   0       0      33   -4451    4451    9000      10
   0       0      34   -5452    3148    9000      10
   0       0      35   -6081    1629    9000      10
   0       0      36   -6295       0    9000      10
   0       0      37   -6081   -1629    9000      10
   0       0      38   -5452   -3148    9000      10
   0       0      39   -4451   -4451    9000      10
   0       0      40   -3148   -5452    9000      10
   0       0      41   -1629   -6081    9000      10
   0       0      42      -0   -6295    9000      10
   0       0      43    1629   -6081    9000      10
   0       0      44    3148   -5452    9000      10
   0       0      45    4451   -4451    9000      10
   0       0      46    5452   -3148    9000      10
   0       0      47    6081   -1629    9000      10
   0       0      48    8324       0    9000      10
   0       0      49    8164    1624    9000      10
   0       0      50    7690    3185    9000      10
   0       0      51    6921    4624    9000      10
   0       0      52    5886    5886    9000      10
   0       0      53    4624    6921    9000      10
   0       0      54    3185    7690    9000      10
   0       0      55    1624    8164    9000      10
   0       0      56       0    8324    9000      10
   0       0      57   -1624    8164    9000      10
   0       0      58   -3185    7690    9000      10
   0       0      59   -4624    6921    9000      10
   0       0      60   -5886    5886    9000      10
   0       0      61   -6921    4624    9000      10
   0       0      62   -7690    3185    9000      10
   0       0      63   -8164    1624    9000      10
   0       0      64   -8324       0    9000      10
   0       0      65   -8164   -1624    9000      10
   0       0      66   -7690   -3185    9000      10
   0       0      67   -6921   -4624    9000      10
   0       0      68   -5886   -5886    9000      10
   0       0      69   -4624   -6921    9000      10
   0       0      70   -3185   -7690    9000      10
   0       0      71   -1624   -8164    9000      10
   0       0      72      -0   -8324    9000      10
   0       0      73    1624   -8164    9000      10
   0       0      74    3185   -7690    9000      10
   0       0      75    4624   -6921    9000      10
   0       0      76    5886   -5886    9000      10
   0       0      77    6921   -4624    9000      10
   0       0      78    7690   -3185    9000      10
   0       0      79    8164   -1624    9000      10
# side
   1       0      80    8957     882   -8100      10
   1       0      81    8612    2613   -8100      10
   1       0      82    7937    4243   -8100      10
   1       0      83    6957    5710   -8100      10
   1       0      84    5710    6957   -8100      10
   1       0      85    4243    7937   -8100      10
   1       0      86    2613    8612   -8100      10
   1       0      87     882    8957   -8100      10
   1       0      88    -882    8957   -8100      10
   1       0      89   -2613    8612   -8100      10
   1       0      90   -4243    7937   -8100      10
   1       0      91   -5710    6957   -8100      10
   1       0      92   -6957    5710   -8100      10
   1       0      93   -7937    4243   -8100      10
   1       0      94   -8612    2613   -8100      10
   1       0      95   -8957     882   -8100      10
   1       0      96   -8957    -882   -8100      10
   1       0      97   -8612   -2613   -8100      10
   1       0      98   -7937   -4243   -8100      10
   1       0      99   -6957   -5710   -8100      10
   1       0     100   -5710   -6957   -8100      10
   1       0     101   -4243   -7937   -8100      10
   1       0     102   -2613   -8612   -8100      10
   1       0     103    -882   -8957   -8100      10
   1       0     104     882   -8957   -8100      10
   1       0     105    2613   -8612   -8100      10
   1       0     106    4243   -7937   -8100      10
   1       0     107    5710   -6957   -8100      10
   1       0     108    6957   -5710   -8100      10
   1       0     109    7937   -4243   -8100      10
   1       0     110    8612   -2613   -8100      10
   1       0     111    8957    -882   -8100      10
   1       0     112    9000       0   -6300      10
   1       0     113    8827    1756   -6300      10
   1       0     114    8315    3444   -6300      10
   1       0     115    7483    5000   -6300      10
   1       0     116    6364    6364   -6300      10
   1       0     117    5000    7483   -6300      10
   1       0     118    3444    8315   -6300      10
   1       0     119    1756    8827   -6300      10
   1       0     120       0    9000   -6300      10
   1       0     121   -1756    8827   -6300      10
   1       0     122   -3444    8315   -6300      10
   1       0     123   -5000    7483   -6300      10
   1       0     124   -6364    6364   -6300      10
   1       0     125   -7483    5000   -6300      10
   1       0     126   -8315    3444   -6300      10
   1       0     127   -8827    1756   -6300      10
   1       0     128   -9000       0   -6300      10
   1       0     129   -8827   -1756   -6300      10
   1       0     130   -8315   -3444   -6300      10
   1       0     131   -7483   -5000   -6300      10
   1       0     132   -6364   -6364   -6300      10
   1       0     133   -5000   -7483   -6300      10
   1       0     134   -3444   -8315   -6300      10
   1       0     135   -1756   -8827   -6300      10
   1       0     136      -0   -9000   -6300      10
   1       0     137    1756   -8827   -6300      10
   1       0     138    3444   -8315   -6300      10
   1       0     139    5000   -7483   -6300      10
   1       0     140    6364   -6364   -6300      10
   1       0     141    7483   -5000   -6300      10
   1       0     142    8315   -3444   -6300      10
   1       0     143    8827   -1756   -6300      10
   1       0     144    8957     882   -4500      10
   1       0     145    8612    2613   -4500      10
   1       0     146    7937    4243   -4500      10
   1       0     147    6957    5710   -4500      10
   1       0     148    5710    6957   -4500      10
   1       0     149    4243    7937   -4500      10
   1       0     150    2613    8612   -4500      10
   1       0     151     882    8957   -4500      10
   1       0     152    -882    8957   -4500      10
   1       0     153   -2613    8612   -4500      10
   1       0     154   -4243    7937   -4500      10
   1       0     155   -5710    6957   -4500      10
   1       0     156   -6957    5710   -4500      10
   1       0     157   -7937    4243   -4500      10
   1       0     158   -8612    2613   -4500      10
   1       0     159   -8957     882   -4500      10
   1       0     160   -8957    -882   -4500      10
   1       0     161   -8612   -2613   -4500      10
   1       0     162   -7937   -4243   -4500      10
   1       0     163   -6957   -5710   -4500      10
   1       0     164   -5710   -6957   -4500      10
   1       0     165   -4243   -7937   -4500      10
   1       0     166   -2613   -8612   -4500      10
   1       0     167    -882   -8957   -4500      10
   1       0     168     882   -8957   -4500      10
   1       0     169    2613   -8612   -4500      10
   1       0     170    4243   -7937   -4500      10
   1       0     171    5710   -6957   -4500      10
   1       0     172    6957   -5710   -4500      10
   1       0     173    7937   -4243   -4500      10
   1       0     174    8612   -2613   -4500      10
   1       0     175    8957    -882   -4500      10
   1       0     176    9000       0   -2700      10
   1       0     177    8827    1756   -2700      10
   1       0     178    8315    3444   -2700      10
   1       0     179    7483    5000   -2700      10
   1       0     180    6364    6364   -2700      10
   1       0     181    5000    7483   -2700      10
   1       0     182    3444    8315   -2700      10
   1       0     183    1756    8827   -2700      10
   1       0     184       0    9000   -2700      10
   1       0     185   -1756    8827   -2700      10
   1       0     186   -3444    8315   -2700      10
   1       0     187   -5000    7483   -2700      10
   1       0     188   -6364    6364   -2700      10
   1       0     189   -7483    5000   -2700      10
   1       0     190   -8315    3444   -2700      10
   1       0     191   -8827    1756   -2700      10
   1       0     192   -9000       0   -2700      10
   1       0     193   -8827   -1756   -2700      10
   1       0     194   -8315   -3444   -2700      10
   1       0     195   -7483   -5000   -2700      10
   1       0     196   -6364   -6364   -2700      10
   1       0     197   -5000   -7483   -2700      10
   1       0     198   -3444   -8315   -2700      10
   1       0     199   -1756   -8827   -2700      10
   1       0     200      -0   -9000   -2700      10
   1       0     201    1756   -8827   -2700      10
   1       0     202    3444   -8315   -2700      10
   1       0     203    5000   -7483   -2700      10
   1       0     204    6364   -6364   -2700      10
   1       0     205    7483   -5000   -2700      10
   1       0     206    8315   -3444   -2700      10
   1       0     207    8827   -1756   -2700      10
   1       0     208    8957     882    -900      10
   1       0     209    8612    2613    -900      10
   1       0     210    7937    4243    -900      10
   1       0     211    6957    5710    -900      10
   1       0     212    5710    6957    -900      10
   1       0     213    4243    7937    -900      10
   1       0     214    2613    8612    -900      10
   1       0     215     882    8957    -900      10
   1       0     216    -882    8957    -900      10
   1       0     217   -2613    8612    -900      10
   1       0     218   -4243    7937    -900      10
   1       0     219   -5710    6957    -900      10
   1       0     220   -6957    5710    -900      10
   1       0     221   -7937    4243    -900      10
   1       0     222   -8612    2613    -900      10
   1       0     223   -8957     882    -900      10
   1       0     224   -8957    -882    -900      10
   1       0     225   -8612   -2613    -900      10
   1       0     226   -7937   -4243    -900      10
   1       0     227   -6957   -5710    -900      10
   1       0     228   -5710   -6957    -900      10
   1       0     229   -4243   -7937    -900      10
   1       0     230   -2613   -8612    -900      10
   1       0     231    -882   -8957    -900      10
   1       0     232     882   -8957    -900      10
   1       0     233    2613   -8612    -900      10
   1       0     234    4243   -7937    -900      10
   1       0     235    5710   -6957    -900      10
   1       0     236    6957   -5710    -900      10
   1       0     237    7937   -4243    -900      10
   1       0     238    8612   -2613    -900      10
   1       0     239    8957    -882    -900      10
   1       0     240    9000       0     900      10
   1       0     241    8827    1756     900      10
   1       0     242    8315    3444     900      10
   1       0     243    7483    5000     900      10
   1       0     244    6364    6364     900      10
   1       0     245    5000    7483     900      10
   1       0     246    3444    8315     900      10
   1       0     247    1756    8827     900      10
   1       0     248       0    9000     900      10
   1       0     249   -1756    8827     900      10
   1       0     250   -3444    8315     900      10
   1       0     251   -5000    7483     900      10
   1       0     252   -6364    6364     900      10
   1       0     253   -7483    5000     900      10
   1       0     254   -8315    3444     900      10
   1       0     255   -8827    1756     900      10
   1       0     256   -9000       0     900      10
   1       0     257   -8827   -1756     900      10
   1       0     258   -8315   -3444     900      10
   1       0     259   -7483   -5000     900      10
   1       0     260   -6364   -6364     900      10
   1       0     261   -5000   -7483     900      10
   1       0     262   -3444   -8315     900      10
   1       0     263   -1756   -8827     900      10
   1       0     264      -0   -9000     900      10
   1       0     265    1756   -8827     900      10
   1       0     266    3444   -8315     900      10
   1       0     267    5000   -7483     900      10
   1       0     268    6364   -6364     900      10
   1       0     269    7483   -5000     900      10
   1       0     270    8315   -3444     900      10
   1       0     271    8827   -1756     900      10
   1       0     272    8957     882    2700      10
   1       0     273    8612    2613    2700      10
   1       0     274    7937    4243    2700      10
   1       0     275    6957    5710    2700      10
   1       0     276    5710    6957    2700      10
   1       0     277    4243    7937    2700      10
   1       0     278    2613    8612    2700      10
   1       0     279     882    8957    2700      10
   1       0     280    -882    8957    2700      10
   1       0     281   -2613    8612    2700      10
   1       0     282   -4243    7937    2700      10
   1       0     283   -5710    6957    2700      10
   1       0     284   -6957    5710    2700      10
   1       0     285   -7937    4243    2700      10
   1       0     286   -8612    2613    2700      10
   1       0     287   -8957     882    2700      10
   1       0     288   -8957    -882    2700      10
   1       0     289   -8612   -2613    2700      10
   1       0     290   -7937   -4243    2700      10
   1       0     291   -6957   -5710    2700      10
   1       0     292   -5710   -6957    2700      10
   1       0     293   -4243   -7937    2700      10
   1       0     294   -2613   -8612    2700      10
   1       0     295    -882   -8957    2700      10
   1       0     296     882   -8957    2700      10
   1       0     297    2613   -8612    2700      10
   1       0     298    4243   -7937    2700      10
   1       0     299    5710   -6957    2700      10
   1       0     300    6957   -5710    2700      10
   1       0     301    7937   -4243    2700      10
   1       0     302    8612   -2613    2700      10
   1       0     303    8957    -882    2700      10
   1       0     304    9000       0    4500      10
   1       0     305    8827    1756    4500      10
   1       0     306    8315    3444    4500      10
   1       0     307    7483    5000    4500      10
   1       0     308    6364    6364    4500      10
   1       0     309    5000    7483    4500      10
   1       0     310    3444    8315    4500      10
   1       0     311    1756    8827    4500      10
   1       0     312       0    9000    4500      10
   1       0     313   -1756    8827    4500      10
   1       0     314   -3444    8315    4500      10
   1       0     315   -5000    7483    4500      10
   1       0     316   -6364    6364    4500      10
   1       0     317   -7483    5000    4500      10
   1       0     318   -8315    3444    4500      10
   1       0     319   -8827    1756    4500      10
   1       0     320   -9000       0    4500      10
   1       0     321   -8827   -1756    4500      10
   1       0     322   -8315   -3444    4500      10
   1       0     323   -7483   -5000    4500      10
   1       0     324   -6364   -6364    4500      10
   1       0     325   -5000   -7483    4500      10
   1       0     326   -3444   -8315    4500      10
   1       0     327   -1756   -8827    4500      10
   1       0     328      -0   -9000    4500      10
   1       0     329    1756   -8827    4500      10
   1       0     330    3444   -8315    4500      10
   1       0     331    5000   -7483    4500      10
   1       0     332    6364   -6364    4500      10
   1       0     333    7483   -5000    4500      10
   1       0     334    8315   -3444    4500      10
   1       0     335    8827   -1756    4500      10
   1       0     336    8957     882    6300      10
   1       0     337    8612    2613    6300      10
   1       0     338    7937    4243    6300      10
   1       0     339    6957    5710    6300      10
   1       0     340    5710    6957    6300      10
   1       0     341    4243    7937    6300      10
   1       0     342    2613    8612    6300      10
   1       0     343     882    8957    6300      10
   1       0     344    -882    8957    6300      10
   1       0     345   -2613    8612    6300      10
   1       0     346   -4243    7937    6300      10
   1       0     347   -5710    6957    6300      10
   1       0     348   -6957    5710    6300      10
   1       0     349   -7937    4243    6300      10
   1       0     350   -8612    2613    6300      10
   1       0     351   -8957     882    6300      10
   1       0     352   -8957    -882    6300      10
   1       0     353   -8612   -2613    6300      10
   1       0     354   -7937   -4243    6300      10
   1       0     355   -6957   -5710    6300      10
   1       0     356   -5710   -6957    6300      10
   1       0     357   -4243   -7937    6300      10
   1       0     358   -2613   -8612    6300      10
   1       0     359    -882   -8957    6300      10
   1       0     360     882   -8957    6300      10
   1       0     361    2613   -8612    6300      10
   1       0     362    4243   -7937    6300      10
   1       0     363    5710   -6957    6300      10
   1       0     364    6957   -5710    6300      10
   1       0     365    7937   -4243    6300      10
   1       0     366    8612   -2613    6300      10
   1       0     367    8957    -882    6300      10
   1       0     368    9000       0    8100      10
   1       0     369    8827    1756    8100      10
   1       0     370    8315    3444    8100      10
   1       0     371    7483    5000    8100      10
   1       0     372    6364    6364    8100      10
   1       0     373    5000    7483    8100      10
   1       0     374    3444    8315    8100      10
   1       0     375    1756    8827    8100      10
   1       0     376       0    9000    8100      10
   1       0     377   -1756    8827    8100      10
   1       0     378   -3444    8315    8100      10
   1       0     379   -5000    7483    8100      10
   1       0     380   -6364    6364    8100      10
   1       0     381   -7483    5000    8100      10
   1       0     382   -8315    3444    8100      10
   1       0     383   -8827    1756    8100      10
   1       0     384   -9000       0    8100      10
   1       0     385   -8827   -1756    8100      10
   1       0     386   -8315   -3444    8100      10
   1       0     387   -7483   -5000    8100      10
   1       0     388   -6364   -6364    8100      10
   1       0     389   -5000   -7483    8100      10
   1       0     390   -3444   -8315    8100      10
   1       0     391   -1756   -8827    8100      10
   1       0     392      -0   -9000    8100      10
   1       0     393    1756   -8827    8100      10
   1       0     394    3444   -8315    8100      10
   1       0     395    5000   -7483    8100      10
   1       0     396    6364   -6364    8100      10
   1       0     397    7483   -5000    8100      10
   1       0     398    8315   -3444    8100      10
   1       0     399    8827   -1756    8100      10
# bottom
   1       0     400    2238       0   -9000      10
   1       0     401    1582    1582   -9000      10
   1       0     402       0    2238   -9000      10
   1       0     403   -1582    1582   -9000      10
   1       0     404   -2238       0   -9000      10
   1       0     405   -1582   -1582   -9000      10
   1       0     406      -0   -2238   -9000      10
   1       0     407    1582   -1582   -9000      10
   1       0     408    4267       0   -9000      10
   1       0     409    3942    1633   -9000      10
   1       0     410    3017    3017   -9000      10
   1       0     411    1633    3942   -9000      10
   1       0     412       0    4267   -9000      10
   1       0     413   -1633    3942   -9000      10
   1       0     414   -3017    3017   -9000      10
   1       0     415   -3942    1633   -9000      10
   1       0     416   -4267       0   -9000      10
   1       0     417   -3942   -1633   -9000      10
   1       0     418   -3017   -3017   -9000      10
   1       0     419   -1633   -3942   -9000      10
   1       0     420      -0   -4267   -9000      10
   1       0     421    1633   -3942   -9000      10
   1       0     422    3017   -3017   -9000      10
   1       0     423    3942   -1633   -9000      10
   1       0     424    6295       0   -9000      10
   1       0     425    6081    1629   -9000      10
   1       0     426    5452    3148   -9000      10
   1       0     427    4451    4451   -9000      10
   1       0     428    3148    5452   -9000      10
   1       0     429    1629    6081   -9000      10
   1       0     430       0    6295   -9000      10
   1       0     431   -1629    6081   -9000      10
   1       0     432   -3148    5452   -9000      10
   1       0     433   -4451    4451   -9000      10
   1       0     434   -5452    3148   -9000      10
   1       0     435   -6081    1629   -9000      10
   1       0     436   -6295       0   -9000      10
   1       0     437   -6081   -1629   -9000      10
   1       0     438   -5452   -3148   -9000      10
   1       0     439   -4451   -4451   -9000      10
   1       0     440   -3148   -5452   -9000      10
   1       0     441   -1629   -6081   -9000      10
   1       0     442      -0   -6295   -9000      10
   1       0     443    1629   -6081   -9000      10
   1       0     444    3148   -5452   -9000      10
   1       0     445    4451   -4451   -9000      10
   1       0     446    5452   -3148   -9000      10
   1       0     447    6081   -1629   -9000      10
   1       0     448    8324       0   -9000      10
   1       0     449    8164    1624   -9000      10
   1       0     450    7690    3185   -9000      10
   1       0     451    6921    4624   -9000      10
   1       0     452    5886    5886   -9000      10
   1       0     453    4624    6921   -9000      10
   1       0     454    3185    7690   -9000      10
   1       0     455    1624    8164   -9000      10
   1       0     456       0    8324   -9000      10
   1       0     457   -1624    8164   -9000      10
   1       0     458   -3185    7690   -9000      10
   1       0     459   -4624    6921   -9000      10
   1       0     460   -5886    5886   -9000      10
   1       0     461   -6921    4624   -9000      10
   1       0     462   -7690    3185   -9000      10
   1       0     463   -8164    1624   -9000      10
   1       0     464   -8324       0   -9000      10
   1       0     465   -8164   -1624   -9000      10
   1       0     466   -7690   -3185   -9000      10
   1       0     467   -6921   -4624   -9000      10
   1       0     468   -5886   -5886   -9000      10
   1       0     469   -4624   -6921   -9000      10
   1       0     470   -3185   -7690   -9000      10
   1       0     471   -1624   -8164   -9000      10
   1       0     472      -0   -8324   -9000      10
   1       0     473    1624   -8164   -9000      10
   1       0     474    3185   -7690   -9000      10
   1       0     475    4624   -6921   -9000      10
   1       0     476    5886   -5886   -9000      10
   1       0     477    6921   -4624   -9000      10
   1       0     478    7690   -3185   -9000      10
   1       0     479    8164   -1624   -9000      10
